4294967278,233
4294967278,231
4294967278,229
5,2
4294967278,226
4294967278,224
4294967278,222
4294967278,220
6,4
4294967278,217
5,6
5,5
5,4
4294967278,215
4294967278,213
4294967278,212
4294967278,211
4294967278,210
4294967278,209
4294967278,333
4294967279,401
4294967278,207
4294967278,206
4294967279,400
4294967278,317
4294967278,316
4294967278,203
4294967278,202
4294967278,201
4294967278,200
4294967278,199
4294967278,198
4294967278,310
4294967278,196
4294967278,195
4294967278,132
4294967278,131
4294967278,130
4294967278,129
4294967278,128
4294967278,127
4294967278,126
4294967278,125
4294967278,124
4294967278,123
4294967278,122
4294967278,121
4294967278,120
4294967278,119
4294967278,118
4294967278,117
4294967278,116
4294967278,115
4294967278,114
4294967278,113
4294967278,112
4294967278,111
4294967278,110
4294967278,109
4294967278,108
4294967278,107
4294967278,106
4294967278,105
4294967278,104
4294967278,103
4294967278,102
4294967278,101
4294967278,100
4294967278,99
4294967278,98
4294967278,97
4294967278,96
4294967278,95
4294967278,94
4294967278,93
4294967278,92
4294967278,91
4294967278,90
4294967278,89
4294967278,87
4294967278,86
4294967278,85
4294967278,84
4294967278,83
4294967278,82
4294967278,81
4294967278,80
4294967278,79
4294967278,77
4294967278,74
4294967278,72
4294967278,70
4294967278,69
4294967278,68
4294967278,67
4294967278,64
4294967278,63
4294967278,62
4294967278,61
4294967278,60
4294967278,59
4294967278,58
4294967278,57
4294967278,56
4294967278,54
4294967278,53
4294967278,52
4294967278,51
4294967278,50
4294967278,49
4294967278,48
4294967279,48
4294967279,47
4294967279,157
4294967279,296
4294967279,43
4294967279,41
4294967279,38
4294967279,294
4294967279,36
4294967279,32
4294967279,18
4294967279,283
4294967279,15
4294967279,13
4294967279,286
4294967279,10
4294967279,9
4294967279,8
4294967279,7
4294967279,6
4294967279,5
4294967279,4
4294967278,194
4294967294,166
4294967294,398
4294967294,191
4294967294,384
4294967294,399
4294967294,190
4294967294,120
4294967294,388
4294967294,395
4294967294,24
4294967294,406
4294967294,1
4294967294,472
4294967294,61
4294967294,81
4294967278,193
4294967294,471
4294967278,192
4294967294,12
4294967294,68
4294967294,11
4294967294,7
4294967278,78
4294967278,304
2,2
4294967294,439
2,4
4294967278,76
4294967278,301
4294967294,22
4294967278,75
4294967278,188
4294967278,300
4294967278,187
4294967294,1022
4294967294,988
4294967278,186
4294967278,332
4294967278,73
4294967279,399
4294967279,260
4294967279,0
4294967294,89
4294967278,185
4294967278,71
4294967278,299
4294967279,398
4294967278,182
4294967278,179
25,6
4294967278,181
25,5
25,4
4294967278,180
25,3
25,2
25,1
4294967278,331
4294967278,66
0,7
4294967294,17
4294967294,67
4294967294,76
4294967294,36
4294967294,39
4294967294,41
4294967294,9
4294967278,330
4294967278,260
4294967278,65
4294967294,1034
4294967294,975
4294967294,186
4294967294,0
4294967294,6
4294967278,298
0,5
4294967278,55
4294967294,50
4294967294,91
4294967294,88
4294967294,85
4294967294,83
4294967294,28
4294967294,27
4294967294,25
4294967294,1020
4294967294,26
4294967294,418
4294967294,1423
4294967294,430
4294967294,1421
4294967294,82
4294967294,96
4294967294,94
4294967294,93
4294967294,95
4294967278,167
4294967279,397
4294967279,396
4294967278,329
4294967279,395
4294967278,328
4294967279,394
4294967278,327
4294967278,326
4294967279,393
22,4
22,3
22,2
22,1
4294967278,325
4294967279,392
4294967278,324
4294967278,323
4294967294,990
4294967294,989
4294967278,322
4294967279,391
21,5
21,4
21,3
21,2
21,1
4294967278,321
4294967279,390
4294967279,389
4294967278,320
4294967279,388
4294967279,387
4294967294,474
4294967279,386
19,5
19,4
19,3
19,2
19,1
4294967279,385
4294967294,1037
4294967278,319
17,5
17,4
17,3
17,2
17,1
4294967294,473
4294967278,318
4294967293,131
4294967293,130
4294967293,129
4294967293,128
4294967293,127
4294967293,126
4294967293,125
4294967293,124
4294967293,123
4294967293,122
4294967293,121
4294967293,120
4294967293,119
4294967293,118
4294967293,117
4294967293,116
4294967293,115
4294967293,114
4294967293,113
4294967293,112
4294967293,111
4294967293,110
4294967293,109
4294967293,108
4294967293,107
4294967293,106
4294967293,105
4294967293,104
4294967293,103
4294967293,102
4294967293,101
4294967293,100
4294967293,99
4294967293,98
4294967293,97
4294967293,96
4294967293,95
4294967293,94
4294967293,93
4294967293,92
4294967293,91
4294967293,90
4294967293,89
4294967293,88
4294967293,87
4294967293,86
